[app/ui]
version = 7.1.3
modtime = 1537626408.091504000

[app/launcher]
version = 7.1.3
modtime = 1537626408.092194000

[app/install/state]
version = 7.1.3
modtime = 1537630278.192736000
